% This file contains the measures in cd/m² used to generate the 
% gammaTable_SamsungSyncMaster305T_160628.mat

values=[0.088,0.142,0.269,0.467,0.801,1.149,1.651, 2.304,2.962,3.837,...
    4.892,5.906,7.087,8.325,9.847,11.31,12.99,14.77,16.57,18.36,20.29,...
    22.09,24.70,26.09,29.73,31.30,34.82,38.10,41.35,45.00,48.64,54.87,59.39];
